#created by wxapp_ygo
#main
00572850
31374201
31374201
31374201
68769900
68769900
68769900
55349375
55349375
81344070
81344070
81344070
91642007
91642007
91642007
14558127
14558127
59438930
59438930
23434538
23434538
23434538
97268402
14532163
63166095
63166095
44227727
65681983
24224830
24224830
67723438
67723438
52340444
98338152
98338152
80621422
93031067
93031067
93031067
10045474
10045474
20426176
#extra
18832779
18832779
85969517
85969517
05614808
09464441
94253655
94253655
20248754
20248754
67647362
67647362
67647362
60303245
63288573
!side
60465049
33158448