91800273
91800273
91800273
82385847
82385847
82385847
59438930
59438930
59438930
12580477
12580477
12580477
18144506
18144506
18144506
14532163
14532163
14532163
83764718
83764718
83764718
81439173
81439173
81439173
35726888
35726888
35726888
49238328
49238328
49238328
84211599
84211599
84211599
67169062
67169062
67169062
08267140
08267140
08267140
43898403
43898403
43898403
20899496
20899496
20899496
40605147
40605147
40605147
84749824
84749824
84749824
41420027
41420027
41420027
65741786
21887175
85289965
84815190
86066372
02857636
38342335
75452921
90448279
41999284
60303245
94259633
45819647
98127546
29479265
74997493
49202162
55285840
48739166
21044178
82044279
33158448
03040496
27548199
09464441
08264361
52119435